Final Destinations: 
('dest1: ',)
[[-120. , -71. ,-108. -,140. , -63. , -82. , -78. ,-116. , -63. , -96., -119. , -71.,
  -109. , -62. ,-105. , -91. ,-142. , -68. ,-128. ,-133. ,-136. , -80. ,-128. , -59.,
  -130.]
 [  -7.,  108. ,-124.,  -24. , 227. ,  53., -185.,   78.,   90.,   55., -192. ,  68.,
  -167., -147. , -91. , 173. ,  34. , 105. , -22., -146. , -95.  , -5. , 225. , 205.,
   -44.]]
++++++++++++++++++++++++++++++++++++++
('dest2: ',)
[[ 181. , 198. , 169. , 218.,  179. , 171.,  223.,  187.,  240. , 212. , 232. , 239.,
   196. , 248. , 176.  ,243. , 157. , 220. , 179. , 151. , 197. , 196. , 164. , 240.,
   230.]
 [ -81. ,-107., -228.,  234., -157., -223. ,-209. ,-141. , 145. , 138. ,  37. ,-162.,
    67. ,  80. , 249. ,  48. ,  42. ,  62.,  103. , 125. ,-151.,  186. , 187., -222.,
  -100.]]
++++++++++++++++++++++++++++++++++++++
('dest: ',)
[[ -63.  , 16. , -57.,   33. , -10. ,  54. ,  11. ,  72.,    7. , -92. ,  47. , -85.,
   -56.  , 40. , -24. , -26. ,  15. ,   7. , -71. ,  -8.,   61. ,  57. ,  21.,  -38.,
    74.]
 [  13. , 238. , 159.,  -76. , -20. ,-209. ,  31. , -59. ,-171.  , -6. ,-180. , -20.,
   144., -230. ,  86. ,  69., -127., -119. , -48., -211. , 120. ,  36. , 231.,  -82.,
   142.]]
++++++++++++++++++++++++++++++++++++++
